4471
4691
4744
4793
4796
4802
4806
4889
4890
4951
5032
5034
5064
5090
5104
5123
5138
5188
5260
5271
5273
5296
5318
5333
5335
5347
5348
5354
5355
5427
5428
5460
5463
5464
5489
5513
5531
5536
5578
5594
5599
5614
5634
5660
5664
5702
5703
5733
5770
5772
5791
5802
5815
5816
5821
5842
5843
5865
5866
5910
5913
5918
5940
5949
5960
5968
5977
5981
5990
6034
6048
6050
6064
6072
6110
6114
6128
6130
6148
6150
6164
6198
6216
6221
6226
6238
6265
6270
6274
6299
6318
6320
6363
6366
6378
6379
6383
6387
6393
6401
6405
6406
6407
6412
6430
6447
6448
6450
6457
6483
6488
6500
6506
6507
6532
6538
6540
6552
6557
6565
6601
6631
6636
6679
6705
6713
6732
6733
6779
6780
6785
6791
6797
6825
6848
6859
6860
6864
6882
6893
6924
6933
6946
6947
6954
6955
6958
6962
6969
6977
6978
6979
6995
7024
7028
7111
7141
7174
7194
7241
7273
7279
7296
7325
7331
7336
7363
7367
7371
7577
7583
7602
7628
