4724
4757
4848
4932
4942
4954
4992
5116
5162
5163
5177
5206
5220
5264
5326
5328
5339
5343
5366
5398
5406
5421
5426
5434
5449
5454
5469
5477
5554
5596
5639
5644
5656
5699
5716
5841
5849
5857
5859
5870
5893
5919
5926
5933
5936
5941
5942
5945
5958
5980
6000
6004
6036
6041
6051
6056
6098
6119
6139
6175
6227
6282
6284
6398
6420
6439
6459
6460
6487
6492
6494
6527
6528
6531
6533
6544
6550
6563
6570
6620
6639
6641
6667
6782
6792
6854
6865
6875
6883
6909
6913
6914
7021
7029
7128
7135
7136
7324
7333
7572
